(t,y_euler,y_true,err,rel_err)

(1.0, 1.0, 1.0, 0.0, 0.0)
(1.1, 1.0, 1.0042817279362024, 0.004281727936202406, 0.004263472905159145)
(1.2000000000000002, 1.0082644628099173, 1.0149523140337415, 0.006687851223824204, 0.006589325558798489)
(1.3000000000000003, 1.0216894717270375, 1.0298136889579848, 0.00812421723094725, 0.007889016545476033)
(1.4000000000000004, 1.0385147342481782, 1.0475339192525197, 0.009019185004341512, 0.008609921682323432)
(1.5000000000000004, 1.0576681921408764, 1.067262354181873, 0.009594162040996723, 0.008989506660104469)
(1.6000000000000005, 1.078461093631755, 1.088432686945791, 0.009971593314036076, 0.009161423975622213)
(1.7000000000000006, 1.1004321646994661, 1.1106550521462644, 0.010222887446798223, 0.009204376666763634)
(1.8000000000000007, 1.1232620515812635, 1.1336535567333055, 0.010391505152042013, 0.00916638517148554)
(1.9000000000000008, 1.1467235965295266, 1.1572284330546696, 0.010504836525143002, 0.009077582459164079)
(2.000000000000001, 1.1706515695646649, 1.1812322182992827, 0.010580648734617837, 0.00895729778675667)

Total Error= 0.08937861460894925
Total Relative Error= 0.0819083094116537
