The PLU factor matrices are
P=
1.000000 	0.000000 	0.000000 	0.000000 	
0.000000 	1.000000 	0.000000 	0.000000 	
0.000000 	0.000000 	1.000000 	0.000000 	
0.000000 	0.000000 	0.000000 	1.000000 	
L=
1.000000 	0.000000 	0.000000 	0.000000 	
0.500000 	1.000000 	0.000000 	0.000000 	
0.000000 	-0.533333 	1.000000 	0.000000 	
0.000000 	0.000000 	-0.170455 	1.000000 	
U=
10.000000 	5.000000 	0.000000 	0.000000 	
0.000000 	7.500000 	-4.000000 	0.000000 	
0.000000 	0.000000 	5.866667 	-1.000000 	
0.000000 	0.000000 	0.000000 	4.829545 	
Checking if LU decomposition is correct.
LU=
10.000000 	5.000000 	0.000000 	0.000000 	
5.000000 	10.000000 	-4.000000 	0.000000 	
0.000000 	-4.000000 	8.000000 	-1.000000 	
0.000000 	0.000000 	-1.000000 	5.000000 	
PA=
10.000000 	5.000000 	0.000000 	0.000000 	
5.000000 	10.000000 	-4.000000 	0.000000 	
0.000000 	-4.000000 	8.000000 	-1.000000 	
0.000000 	0.000000 	-1.000000 	5.000000 	
