The PLU factor matrices are
P=
1.000000 	0.000000 	0.000000 	0.000000 	0.000000 	
0.000000 	1.000000 	0.000000 	0.000000 	0.000000 	
0.000000 	0.000000 	1.000000 	0.000000 	0.000000 	
0.000000 	0.000000 	0.000000 	1.000000 	0.000000 	
0.000000 	0.000000 	0.000000 	0.000000 	1.000000 	
L=
1.000000 	0.000000 	0.000000 	0.000000 	0.000000 	
0.250000 	1.000000 	0.000000 	0.000000 	0.000000 	
0.500000 	-0.153846 	1.000000 	0.000000 	0.000000 	
-0.250000 	0.230769 	-0.200000 	1.000000 	0.000000 	
0.000000 	-0.615385 	-0.116667 	0.421296 	1.000000 	
U=
4.000000 	1.000000 	1.000000 	0.000000 	1.000000 	
0.000000 	-3.250000 	0.750000 	1.000000 	-0.250000 	
0.000000 	0.000000 	4.615385 	-0.846154 	-1.538462 	
0.000000 	0.000000 	0.000000 	3.600000 	0.000000 	
0.000000 	0.000000 	0.000000 	0.000000 	3.666667 	
Checking if LU decomposition is correct.
LU=
4.000000 	1.000000 	1.000000 	0.000000 	1.000000 	
1.000000 	-3.000000 	1.000000 	1.000000 	0.000000 	
2.000000 	1.000000 	5.000000 	-1.000000 	-1.000000 	
-1.000000 	-1.000000 	-1.000000 	4.000000 	0.000000 	
0.000000 	2.000000 	-1.000000 	1.000000 	4.000000 	
PA=
4.000000 	1.000000 	1.000000 	0.000000 	1.000000 	
1.000000 	-3.000000 	1.000000 	1.000000 	0.000000 	
2.000000 	1.000000 	5.000000 	-1.000000 	-1.000000 	
-1.000000 	-1.000000 	-1.000000 	4.000000 	0.000000 	
0.000000 	2.000000 	-1.000000 	1.000000 	4.000000 	
