The PLU factor matrices are
P=
1.000000 	0.000000 	0.000000 	
0.000000 	1.000000 	0.000000 	
0.000000 	0.000000 	1.000000 	
L=
1.000000 	0.000000 	0.000000 	
-0.100000 	1.000000 	0.000000 	
0.000000 	-0.202020 	1.000000 	
U=
10.000000 	-1.000000 	0.000000 	
0.000000 	9.900000 	-2.000000 	
0.000000 	0.000000 	9.595960 	
Checking if LU decomposition is correct.
LU=
10.000000 	-1.000000 	0.000000 	
-1.000000 	10.000000 	-2.000000 	
0.000000 	-2.000000 	10.000000 	
PA=
10.000000 	-1.000000 	0.000000 	
-1.000000 	10.000000 	-2.000000 	
0.000000 	-2.000000 	10.000000 	
