The PLU factor matrices are
P=
1.000000 	0.000000 	0.000000 	
0.000000 	1.000000 	0.000000 	
0.000000 	0.000000 	1.000000 	
L=
1.000000 	0.000000 	0.000000 	
1.000000 	1.000000 	0.000000 	
1.000000 	0.571429 	1.000000 	
U=
3.000000 	-1.000000 	1.000000 	
0.000000 	7.000000 	1.000000 	
0.000000 	0.000000 	5.428571 	
Checking if LU decomposition is correct.
LU=
3.000000 	-1.000000 	1.000000 	
3.000000 	6.000000 	2.000000 	
3.000000 	3.000000 	7.000000 	
PA=
3.000000 	-1.000000 	1.000000 	
3.000000 	6.000000 	2.000000 	
3.000000 	3.000000 	7.000000 	
